[guipos]
xpos=1980.000000
ypos=1115.000000
[tvmode]
enabled=0
